FFC00000 - 3000 - 9000
FFFFEFFC - 3ff8 - 3000
ffc00000 + 3ff800 + ffc
 3FF8000
ffc

10 - 10 - 12
1111 1111 1100 -ffc
            1111 1111 1000 -ff8
			            11 1111  1111 00 -ffc
1111 1111 1111 1111 1110 1111 1111 1100

ffcff8 000

1111 1111 1111 1111 1110 0000 0000 0000
       ff        ff        e0        00
	   
	   FFFFDFFC
1111 1111 11
             11 1111 1101 
			              1111 1111 1100
ffc          ff4          ffc

	   FFFFEFFC
1111 1111 11
             11 1111 1110 
			              1111 1111 1100
ffc          ff8          ffc

0xFFFFF000
1111 1111 11
            11 1111 1111 
			              0000 0000 0000
ffc         ffc

0xFFFFC000
1111 1111 11
            11 1111 1100 0000 0000 0000

ffc         ff0           000     

0xFFFFEFF0
1111 1111 11
            11 1111 1110 
                         1111 1111 0000
 ffc         FF8          ff0




fffff000
1111 1111 1100
            11 1111 111100
                        0000 0000 0000
       ffc        ffc       0        00
       

ffffe000
1111 1111 1100
            11 1111 1110 00 
                         0000 0000 0000
1111 1111 1111 1111 1110 0000 0000 0000
       ffc        ff8       0        00


10 - 10 - 12

1000 + 201c             1C         C04
0000 0000 0000
            00 0000 0111 00
                         1100 0000 0100
                    0111 1100 0000 0100

ffc00000
1111 1111 1100
            00 0000 0000 
                         0000 0000 0000
1111 1111 1100 0000 0000 0000 0000 0000


000             024                      00
0000 0000 0000
            00 0000 1001 00
                         0000 0000 0000 
                    1001 0000 0000 0000
